1.000000000000000e+00
9.009688679024191e-01
6.234898018587336e-01
2.225209339563144e-01
-2.225209339563143e-01
-6.234898018587332e-01
-9.009688679024190e-01
-1.000000000000000e+00
9.009688679024191e-01
8.117449009293668e-01
5.617449009293668e-01
2.004844339512096e-01
-2.004844339512095e-01
-5.617449009293665e-01
-8.117449009293667e-01
-9.009688679024191e-01
6.234898018587336e-01
5.617449009293668e-01
3.887395330218429e-01
1.387395330218428e-01
-1.387395330218428e-01
-3.887395330218426e-01
-5.617449009293668e-01
-6.234898018587336e-01
2.225209339563144e-01
2.004844339512096e-01
1.387395330218428e-01
4.951556604879045e-02
-4.951556604879043e-02
-1.387395330218427e-01
-2.004844339512096e-01
-2.225209339563144e-01
-2.225209339563143e-01
-2.004844339512095e-01
-1.387395330218428e-01
-4.951556604879043e-02
4.951556604879041e-02
1.387395330218427e-01
2.004844339512095e-01
2.225209339563143e-01
-6.234898018587332e-01
-5.617449009293665e-01
-3.887395330218426e-01
-1.387395330218427e-01
1.387395330218427e-01
3.887395330218423e-01
5.617449009293664e-01
6.234898018587332e-01
-9.009688679024190e-01
-8.117449009293667e-01
-5.617449009293668e-01
-2.004844339512096e-01
2.004844339512095e-01
5.617449009293664e-01
8.117449009293666e-01
9.009688679024190e-01
-1.000000000000000e+00
-9.009688679024191e-01
-6.234898018587336e-01
-2.225209339563144e-01
2.225209339563143e-01
6.234898018587332e-01
9.009688679024190e-01
1.000000000000000e+00
9.009688679024191e-01
8.117449009293668e-01
5.617449009293668e-01
2.004844339512096e-01
-2.004844339512095e-01
-5.617449009293665e-01
-8.117449009293667e-01
-9.009688679024191e-01
8.117449009293668e-01
7.313568844158930e-01
5.061146674402882e-01
1.806302334890786e-01
-1.806302334890786e-01
-5.061146674402879e-01
-7.313568844158929e-01
-8.117449009293668e-01
5.617449009293668e-01
5.061146674402882e-01
3.502422169756049e-01
1.250000000000000e-01
-1.250000000000000e-01
-3.502422169756046e-01
-5.061146674402882e-01
-5.617449009293668e-01
2.004844339512096e-01
1.806302334890786e-01
1.250000000000000e-01
4.461198348652620e-02
-4.461198348652618e-02
-1.250000000000000e-01
-1.806302334890786e-01
-2.004844339512096e-01
-2.004844339512095e-01
-1.806302334890786e-01
-1.250000000000000e-01
-4.461198348652618e-02
4.461198348652615e-02
1.249999999999999e-01
1.806302334890785e-01
2.004844339512095e-01
-5.617449009293665e-01
-5.061146674402879e-01
-3.502422169756046e-01
-1.250000000000000e-01
1.249999999999999e-01
3.502422169756044e-01
5.061146674402878e-01
5.617449009293665e-01
-8.117449009293667e-01
-7.313568844158929e-01
-5.061146674402882e-01
-1.806302334890786e-01
1.806302334890785e-01
5.061146674402878e-01
7.313568844158927e-01
8.117449009293667e-01
-9.009688679024191e-01
-8.117449009293668e-01
-5.617449009293668e-01
-2.004844339512096e-01
2.004844339512095e-01
5.617449009293665e-01
8.117449009293667e-01
9.009688679024191e-01
6.234898018587336e-01
5.617449009293668e-01
3.887395330218429e-01
1.387395330218428e-01
-1.387395330218428e-01
-3.887395330218426e-01
-5.617449009293668e-01
-6.234898018587336e-01
5.617449009293668e-01
5.061146674402882e-01
3.502422169756048e-01
1.250000000000000e-01
-1.250000000000000e-01
-3.502422169756046e-01
-5.061146674402882e-01
-5.617449009293668e-01
3.887395330218429e-01
3.502422169756048e-01
2.423751344184454e-01
8.650268395376201e-02
-8.650268395376198e-02
-2.423751344184453e-01
-3.502422169756048e-01
-3.887395330218429e-01
1.387395330218428e-01
1.250000000000000e-01
8.650268395376201e-02
3.087245046468340e-02
-3.087245046468338e-02
-8.650268395376196e-02
-1.250000000000000e-01
-1.387395330218428e-01
-1.387395330218428e-01
-1.250000000000000e-01
-8.650268395376198e-02
-3.087245046468338e-02
3.087245046468337e-02
8.650268395376191e-02
1.250000000000000e-01
1.387395330218428e-01
-3.887395330218426e-01
-3.502422169756046e-01
-2.423751344184453e-01
-8.650268395376196e-02
8.650268395376191e-02
2.423751344184451e-01
3.502422169756045e-01
3.887395330218426e-01
-5.617449009293668e-01
-5.061146674402882e-01
-3.502422169756048e-01
-1.250000000000000e-01
1.250000000000000e-01
3.502422169756045e-01
5.061146674402881e-01
5.617449009293668e-01
-6.234898018587336e-01
-5.617449009293668e-01
-3.887395330218429e-01
-1.387395330218428e-01
1.387395330218428e-01
3.887395330218426e-01
5.617449009293668e-01
6.234898018587336e-01
2.225209339563144e-01
2.004844339512096e-01
1.387395330218428e-01
4.951556604879045e-02
-4.951556604879043e-02
-1.387395330218427e-01
-2.004844339512096e-01
-2.225209339563144e-01
2.004844339512096e-01
1.806302334890786e-01
1.250000000000000e-01
4.461198348652620e-02
-4.461198348652618e-02
-1.250000000000000e-01
-1.806302334890786e-01
-2.004844339512096e-01
1.387395330218428e-01
1.250000000000000e-01
8.650268395376202e-02
3.087245046468340e-02
-3.087245046468338e-02
-8.650268395376196e-02
-1.250000000000000e-01
-1.387395330218428e-01
4.951556604879045e-02
4.461198348652620e-02
3.087245046468340e-02
1.101825000255243e-02
-1.101825000255242e-02
-3.087245046468338e-02
-4.461198348652619e-02
-4.951556604879045e-02
-4.951556604879043e-02
-4.461198348652618e-02
-3.087245046468338e-02
-1.101825000255242e-02
1.101825000255242e-02
3.087245046468336e-02
4.461198348652617e-02
4.951556604879043e-02
-1.387395330218427e-01
-1.250000000000000e-01
-8.650268395376196e-02
-3.087245046468338e-02
3.087245046468336e-02
8.650268395376190e-02
1.249999999999999e-01
1.387395330218427e-01
-2.004844339512096e-01
-1.806302334890786e-01
-1.250000000000000e-01
-4.461198348652619e-02
4.461198348652617e-02
1.249999999999999e-01
1.806302334890786e-01
2.004844339512096e-01
-2.225209339563144e-01
-2.004844339512096e-01
-1.387395330218428e-01
-4.951556604879045e-02
4.951556604879043e-02
1.387395330218427e-01
2.004844339512096e-01
2.225209339563144e-01
-2.225209339563143e-01
-2.004844339512095e-01
-1.387395330218428e-01
-4.951556604879043e-02
4.951556604879041e-02
1.387395330218427e-01
2.004844339512095e-01
2.225209339563143e-01
-2.004844339512095e-01
-1.806302334890786e-01
-1.250000000000000e-01
-4.461198348652617e-02
4.461198348652615e-02
1.249999999999999e-01
1.806302334890785e-01
2.004844339512095e-01
-1.387395330218428e-01
-1.250000000000000e-01
-8.650268395376198e-02
-3.087245046468338e-02
3.087245046468337e-02
8.650268395376191e-02
1.250000000000000e-01
1.387395330218428e-01
-4.951556604879043e-02
-4.461198348652617e-02
-3.087245046468338e-02
-1.101825000255242e-02
1.101825000255242e-02
3.087245046468336e-02
4.461198348652617e-02
4.951556604879043e-02
4.951556604879041e-02
4.461198348652615e-02
3.087245046468337e-02
1.101825000255242e-02
-1.101825000255241e-02
-3.087245046468334e-02
-4.461198348652615e-02
-4.951556604879041e-02
1.387395330218427e-01
1.249999999999999e-01
8.650268395376191e-02
3.087245046468336e-02
-3.087245046468334e-02
-8.650268395376186e-02
-1.249999999999999e-01
-1.387395330218427e-01
2.004844339512095e-01
1.806302334890785e-01
1.250000000000000e-01
4.461198348652617e-02
-4.461198348652615e-02
-1.249999999999999e-01
-1.806302334890785e-01
-2.004844339512095e-01
2.225209339563143e-01
2.004844339512095e-01
1.387395330218428e-01
4.951556604879043e-02
-4.951556604879041e-02
-1.387395330218427e-01
-2.004844339512095e-01
-2.225209339563143e-01
-6.234898018587332e-01
-5.617449009293665e-01
-3.887395330218426e-01
-1.387395330218427e-01
1.387395330218427e-01
3.887395330218423e-01
5.617449009293664e-01
6.234898018587332e-01
-5.617449009293665e-01
-5.061146674402879e-01
-3.502422169756046e-01
-1.249999999999999e-01
1.249999999999999e-01
3.502422169756044e-01
5.061146674402878e-01
5.617449009293665e-01
-3.887395330218426e-01
-3.502422169756046e-01
-2.423751344184453e-01
-8.650268395376196e-02
8.650268395376191e-02
2.423751344184451e-01
3.502422169756046e-01
3.887395330218426e-01
-1.387395330218427e-01
-1.249999999999999e-01
-8.650268395376196e-02
-3.087245046468337e-02
3.087245046468336e-02
8.650268395376190e-02
1.249999999999999e-01
1.387395330218427e-01
1.387395330218427e-01
1.249999999999999e-01
8.650268395376191e-02
3.087245046468336e-02
-3.087245046468334e-02
-8.650268395376184e-02
-1.249999999999999e-01
-1.387395330218427e-01
3.887395330218423e-01
3.502422169756044e-01
2.423751344184451e-01
8.650268395376190e-02
-8.650268395376184e-02
-2.423751344184449e-01
-3.502422169756043e-01
-3.887395330218423e-01
5.617449009293664e-01
5.061146674402878e-01
3.502422169756046e-01
1.249999999999999e-01
-1.249999999999999e-01
-3.502422169756043e-01
-5.061146674402878e-01
-5.617449009293664e-01
6.234898018587332e-01
5.617449009293665e-01
3.887395330218426e-01
1.387395330218427e-01
-1.387395330218427e-01
-3.887395330218423e-01
-5.617449009293664e-01
-6.234898018587332e-01
-9.009688679024190e-01
-8.117449009293667e-01
-5.617449009293668e-01
-2.004844339512096e-01
2.004844339512095e-01
5.617449009293664e-01
8.117449009293666e-01
9.009688679024190e-01
-8.117449009293667e-01
-7.313568844158929e-01
-5.061146674402881e-01
-1.806302334890786e-01
1.806302334890785e-01
5.061146674402879e-01
7.313568844158927e-01
8.117449009293667e-01
-5.617449009293668e-01
-5.061146674402881e-01
-3.502422169756048e-01
-1.250000000000000e-01
1.250000000000000e-01
3.502422169756046e-01
5.061146674402881e-01
5.617449009293668e-01
-2.004844339512096e-01
-1.806302334890786e-01
-1.250000000000000e-01
-4.461198348652620e-02
4.461198348652617e-02
1.249999999999999e-01
1.806302334890786e-01
2.004844339512096e-01
2.004844339512095e-01
1.806302334890785e-01
1.250000000000000e-01
4.461198348652617e-02
-4.461198348652615e-02
-1.249999999999999e-01
-1.806302334890785e-01
-2.004844339512095e-01
5.617449009293664e-01
5.061146674402879e-01
3.502422169756046e-01
1.249999999999999e-01
-1.249999999999999e-01
-3.502422169756043e-01
-5.061146674402878e-01
-5.617449009293664e-01
8.117449009293666e-01
7.313568844158927e-01
5.061146674402881e-01
1.806302334890786e-01
-1.806302334890785e-01
-5.061146674402878e-01
-7.313568844158927e-01
-8.117449009293666e-01
9.009688679024190e-01
8.117449009293667e-01
5.617449009293668e-01
2.004844339512096e-01
-2.004844339512095e-01
-5.617449009293664e-01
-8.117449009293666e-01
-9.009688679024190e-01
-1.000000000000000e+00
-9.009688679024191e-01
-6.234898018587336e-01
-2.225209339563144e-01
2.225209339563143e-01
6.234898018587332e-01
9.009688679024190e-01
1.000000000000000e+00
-9.009688679024191e-01
-8.117449009293668e-01
-5.617449009293668e-01
-2.004844339512096e-01
2.004844339512095e-01
5.617449009293665e-01
8.117449009293667e-01
9.009688679024191e-01
-6.234898018587336e-01
-5.617449009293668e-01
-3.887395330218429e-01
-1.387395330218428e-01
1.387395330218428e-01
3.887395330218426e-01
5.617449009293668e-01
6.234898018587336e-01
-2.225209339563144e-01
-2.004844339512096e-01
-1.387395330218428e-01
-4.951556604879045e-02
4.951556604879043e-02
1.387395330218427e-01
2.004844339512096e-01
2.225209339563144e-01
2.225209339563143e-01
2.004844339512095e-01
1.387395330218428e-01
4.951556604879043e-02
-4.951556604879041e-02
-1.387395330218427e-01
-2.004844339512095e-01
-2.225209339563143e-01
6.234898018587332e-01
5.617449009293665e-01
3.887395330218426e-01
1.387395330218427e-01
-1.387395330218427e-01
-3.887395330218423e-01
-5.617449009293664e-01
-6.234898018587332e-01
9.009688679024190e-01
8.117449009293667e-01
5.617449009293668e-01
2.004844339512096e-01
-2.004844339512095e-01
-5.617449009293664e-01
-8.117449009293666e-01
-9.009688679024190e-01
1.000000000000000e+00
9.009688679024191e-01
6.234898018587336e-01
2.225209339563144e-01
-2.225209339563143e-01
-6.234898018587332e-01
-9.009688679024190e-01
-1.000000000000000e+00
